NO_OF_FRAMES	2257
NO_OF_CAMERAS	8
NO_OF_BODIES	3
FREQUENCY	100
NO_OF_ANALOG	0
ANALOG_FREQUENCY	0
DESCRIPTION	--
TIME_STAMP	2024-10-31, 18:21:09.382	9624.16760170
DATA_INCLUDED	6D
BODY_NAMES	LH_C	DotBot_3	DotBot 4
BODY_FILTERS	No filter	No filter	No filter
TRANSLATION_ORIGIN	Global	Global	Global	
ROTATION_ORIGIN	Global	Global	Global	
Frame	Time	LH_C X	Y	Z	Roll	Pitch	Yaw	Residual	Rot[0]	Rot[1]	Rot[2]	Rot[3]	Rot[4]	Rot[5]	Rot[6]	Rot[7]	Rot[8]		DotBot_3 X	Y	Z	Roll	Pitch	Yaw	Residual	Rot[0]	Rot[1]	Rot[2]	Rot[3]	Rot[4]	Rot[5]	Rot[6]	Rot[7]	Rot[8]		DotBot 4 X	Y	Z	Roll	Pitch	Yaw	Residual	Rot[0]	Rot[1]	Rot[2]	Rot[3]	Rot[4]	Rot[5]	Rot[6]	Rot[7]	Rot[8]	
1	0.00000	1092.13378	1582.60455	1000.30349	11.41447	3.28395	-111.03046	0.76248	-0.35827	-0.91900	-0.16457	0.93186	-0.34118	-0.12343	0.05728	-0.19758	0.97861		0.000	0.000	0.000	0.000	0.000	0.000	0.000	0.000	0.000	0.000	0.000	0.000	0.000	0.000	0.000	0.000		1204.05108	521.88603	39.10961	-0.49867	-0.03183	-179.34241	0.50927	-0.99993	-0.01148	-0.00046	0.01148	-0.99990	0.00871	-0.00056	0.00870	0.99996	
2	0.01000	1092.05108	1582.47214	1000.20891	11.21043	3.24564	-110.70240	0.77199	-0.35295	-0.92147	-0.16223	0.93393	-0.33647	-0.12068	0.05662	-0.19410	0.97935		0.000	0.000	0.000	0.000	0.000	0.000	0.000	0.000	0.000	0.000	0.000	0.000	0.000	0.000	0.000	0.000		1204.03870	521.88371	39.09501	-0.45892	-0.03846	-179.37328	0.50386	-0.99994	-0.01094	-0.00058	0.01094	-0.99991	0.00802	-0.00067	0.00801	0.99997	
3	0.02000	1092.13805	1582.60429	1000.28990	11.41285	3.26728	-111.03339	0.76094	-0.35833	-0.91896	-0.16464	0.93185	-0.34129	-0.12317	0.05699	-0.19756	0.97863		0.000	0.000	0.000	0.000	0.000	0.000	0.000	0.000	0.000	0.000	0.000	0.000	0.000	0.000	0.000	0.000		1204.03873	521.88025	39.07716	-0.38049	-0.06802	-179.36684	0.50416	-0.99994	-0.01106	-0.00111	0.01105	-0.99992	0.00665	-0.00119	0.00664	0.99998	
4	0.03000	1092.11501	1582.51386	1000.13938	11.59046	3.26329	-111.14317	0.73884	-0.36011	-0.91779	-0.16728	0.93117	-0.34268	-0.12448	0.05692	-0.20059	0.97802		0.000	0.000	0.000	0.000	0.000	0.000	0.000	0.000	0.000	0.000	0.000	0.000	0.000	0.000	0.000	0.000		1203.94247	521.92000	39.24820	-0.62760	-0.31217	-179.40198	0.52115	-0.99993	-0.01050	-0.00533	0.01044	-0.99988	0.01101	-0.00545	0.01095	0.99993	
5	0.04000	1092.09944	1582.53807	1000.14127	11.62264	3.30701	-111.09435	0.74039	-0.35931	-0.91804	-0.16763	0.93144	-0.34168	-0.12523	0.05769	-0.20113	0.97786		0.000	0.000	0.000	0.000	0.000	0.000	0.000	0.000	0.000	0.000	0.000	0.000	0.000	0.000	0.000	0.000		1203.93658	521.95134	39.22715	-0.54378	-0.32426	-179.44374	0.49067	-0.99994	-0.00976	-0.00557	0.00971	-0.99991	0.00955	-0.00566	0.00949	0.99994	
6	0.05000	1092.10995	1582.49883	1000.12783	11.58916	3.23906	-111.12436	0.74107	-0.35982	-0.91787	-0.16744	0.93131	-0.34246	-0.12403	0.05650	-0.20057	0.97805		0.000	0.000	0.000	0.000	0.000	0.000	0.000	0.000	0.000	0.000	0.000	0.000	0.000	0.000	0.000	0.000		1203.95116	521.93068	39.24756	-0.57152	-0.32372	-179.42314	0.50412	-0.99993	-0.01012	-0.00555	0.01007	-0.99990	0.01003	-0.00565	0.00997	0.99993	
7	0.06000	1092.08948	1582.63264	1000.06993	11.64297	3.26217	-111.08435	0.71662	-0.35916	-0.91798	-0.16825	0.93154	-0.34162	-0.12460	0.05690	-0.20149	0.97784		0.000	0.000	0.000	0.000	0.000	0.000	0.000	0.000	0.000	0.000	0.000	0.000	0.000	0.000	0.000	0.000		1203.82054	522.03128	39.23322	-0.53560	-0.24557	-179.34161	0.48189	-0.99992	-0.01153	-0.00418	0.01149	-0.99989	0.00940	-0.00429	0.00935	0.99995	
8	0.07000	1092.07962	1582.59104	1000.12417	11.65089	3.26069	-111.18010	0.74032	-0.36072	-0.91739	-0.16818	0.93094	-0.34315	-0.12491	0.05688	-0.20162	0.97781		0.000	0.000	0.000	0.000	0.000	0.000	0.000	0.000	0.000	0.000	0.000	0.000	0.000	0.000	0.000	0.000		1204.02177	522.21438	39.45391	-0.62943	-0.28714	-179.42339	0.46797	-0.99994	-0.01012	-0.00490	0.01006	-0.99989	0.01104	-0.00501	0.01099	0.99993	
9	0.08000	1092.08856	1582.52641	1000.01164	11.49217	3.19674	-110.81516	0.70704	-0.35480	-0.91994	-0.16681	0.93328	-0.33785	-0.12188	0.05576	-0.19892	0.97843		0.000	0.000	0.000	0.000	0.000	0.000	0.000	0.000	0.000	0.000	0.000	0.000	0.000	0.000	0.000	0.000		1203.91978	522.00073	39.26269	-0.30487	-0.23603	-179.44432	0.60581	-0.99994	-0.00972	-0.00407	0.00970	-0.99994	0.00536	-0.00412	0.00532	0.99998	
10	0.09000	1092.10718	1582.56544	1000.06908	11.57139	3.30307	-111.13126	0.72306	-0.35991	-0.91797	-0.16675	0.93121	-0.34240	-0.12496	0.05762	-0.20026	0.97805		0.000	0.000	0.000	0.000	0.000	0.000	0.000	0.000	0.000	0.000	0.000	0.000	0.000	0.000	0.000	0.000		1204.03855	522.04481	39.26693	-0.35398	-0.12611	-179.43822	0.51461	-0.99995	-0.00982	-0.00214	0.00980	-0.99993	0.00620	-0.00220	0.00618	0.99998	
11	0.10000	1092.09000	1582.57291	1000.06286	11.58624	3.27739	-111.14153	0.71918	-0.36008	-0.91783	-0.16712	0.93117	-0.34261	-0.12467	0.05717	-0.20051	0.97802		0.000	0.000	0.000	0.000	0.000	0.000	0.000	0.000	0.000	0.000	0.000	0.000	0.000	0.000	0.000	0.000		1204.05580	522.03809	39.29817	-0.35065	-0.12387	-179.42509	0.53067	-0.99995	-0.01005	-0.00210	0.01003	-0.99993	0.00614	-0.00216	0.00612	0.99998	
12	0.11000	1092.09418	1582.55811	1000.04805	11.58146	3.26031	-111.11777	0.71449	-0.35970	-0.91796	-0.16721	0.93133	-0.34230	-0.12430	0.05687	-0.20044	0.97805		0.000	0.000	0.000	0.000	0.000	0.000	0.000	0.000	0.000	0.000	0.000	0.000	0.000	0.000	0.000	0.000		1204.07946	522.04265	39.30049	-0.39079	-0.12546	-179.42609	0.53927	-0.99995	-0.01003	-0.00212	0.01002	-0.99993	0.00684	-0.00219	0.00682	0.99997	
13	0.12000	1092.08873	1582.56855	1000.03386	11.55220	3.26176	-111.08393	0.71610	-0.35915	-0.91825	-0.16680	0.93154	-0.34182	-0.12405	0.05690	-0.19994	0.97816		0.000	0.000	0.000	0.000	0.000	0.000	0.000	0.000	0.000	0.000	0.000	0.000	0.000	0.000	0.000	0.000		1204.06366	522.02892	39.29926	-0.33217	-0.11453	-179.44870	0.53791	-0.99995	-0.00963	-0.00194	0.00962	-0.99994	0.00582	-0.00200	0.00580	0.99998	
14	0.13000	1092.09339	1582.55742	1000.03878	11.56205	3.30167	-111.12232	0.71117	-0.35976	-0.91804	-0.16663	0.93126	-0.34228	-0.12486	0.05759	-0.20010	0.97808		0.000	0.000	0.000	0.000	0.000	0.000	0.000	0.000	0.000	0.000	0.000	0.000	0.000	0.000	0.000	0.000		1204.05876	522.06486	39.26809	-0.29740	-0.10483	-179.46359	0.51766	-0.99995	-0.00937	-0.00178	0.00936	-0.99994	0.00521	-0.00183	0.00519	0.99998	
15	0.14000	1092.09397	1582.57760	1000.04797	11.55597	3.28098	-111.09900	0.72017	-0.35939	-0.91818	-0.16671	0.93143	-0.34199	-0.12443	0.05723	-0.20000	0.97812		0.000	0.000	0.000	0.000	0.000	0.000	0.000	0.000	0.000	0.000	0.000	0.000	0.000	0.000	0.000	0.000		1204.07885	522.01948	39.29683	-0.33136	-0.10767	-179.43260	0.53983	-0.99995	-0.00991	-0.00182	0.00990	-0.99993	0.00580	-0.00188	0.00578	0.99998	
16	0.15000	1092.09231	1582.54471	1000.03377	11.57399	3.28248	-111.10687	0.71157	-0.35952	-0.91808	-0.16697	0.93138	-0.34207	-0.12458	0.05726	-0.20030	0.97806		0.000	0.000	0.000	0.000	0.000	0.000	0.000	0.000	0.000	0.000	0.000	0.000	0.000	0.000	0.000	0.000		1204.05741	522.06285	39.28237	-0.27280	-0.14683	-179.48279	0.52387	-0.99996	-0.00904	-0.00252	0.00903	-0.99995	0.00478	-0.00256	0.00476	0.99999	
17	0.16000	1092.08965	1582.56196	1000.04567	11.55608	3.28159	-111.09182	0.71534	-0.35927	-0.91822	-0.16672	0.93148	-0.34187	-0.12442	0.05724	-0.20000	0.97812		0.000	0.000	0.000	0.000	0.000	0.000	0.000	0.000	0.000	0.000	0.000	0.000	0.000	0.000	0.000	0.000		1204.06433	522.03919	39.30187	-0.31587	-0.08224	-179.44864	0.54063	-0.99995	-0.00963	-0.00138	0.00962	-0.99994	0.00553	-0.00144	0.00551	0.99998	
18	0.17000	1092.09707	1582.54349	1000.05470	11.56979	3.26647	-111.07584	0.72112	-0.35902	-0.91826	-0.16707	0.93159	-0.34163	-0.12421	0.05698	-0.20024	0.97809		0.000	0.000	0.000	0.000	0.000	0.000	0.000	0.000	0.000	0.000	0.000	0.000	0.000	0.000	0.000	0.000		1204.07398	522.03101	39.32886	-0.36588	-0.10616	-179.43658	0.54726	-0.99995	-0.00984	-0.00179	0.00983	-0.99993	0.00640	-0.00185	0.00639	0.99998	
19	0.18000	1092.08439	1582.53793	1000.05249	11.53915	3.31426	-111.07047	0.71341	-0.35891	-0.91844	-0.16630	0.93158	-0.34146	-0.12477	0.05781	-0.19970	0.97815		0.000	0.000	0.000	0.000	0.000	0.000	0.000	0.000	0.000	0.000	0.000	0.000	0.000	0.000	0.000	0.000		1204.06990	522.01524	39.31874	-0.28336	-0.11632	-179.46155	0.53002	-0.99995	-0.00941	-0.00198	0.00940	-0.99994	0.00496	-0.00203	0.00495	0.99999	
20	0.19000	1092.11627	1582.54719	1000.06239	11.57854	3.29594	-111.10782	0.70603	-0.35953	-0.91808	-0.16696	0.93136	-0.34203	-0.12483	0.05749	-0.20038	0.97803		0.000	0.000	0.000	0.000	0.000	0.000	0.000	0.000	0.000	0.000	0.000	0.000	0.000	0.000	0.000	0.000		1204.06531	522.01981	39.27373	-0.26984	-0.07080	-179.46312	0.52639	-0.99996	-0.00938	-0.00119	0.00937	-0.99994	0.00472	-0.00124	0.00471	0.99999	
21	0.20000	1092.08598	1582.53161	1000.05265	11.55466	3.27989	-111.06177	0.71941	-0.35879	-0.91840	-0.16678	0.93166	-0.34140	-0.12429	0.05721	-0.19997	0.97813		0.000	0.000	0.000	0.000	0.000	0.000	0.000	0.000	0.000	0.000	0.000	0.000	0.000	0.000	0.000	0.000		1204.07318	522.02552	39.31100	-0.31831	-0.09408	-179.45665	0.53624	-0.99995	-0.00949	-0.00159	0.00948	-0.99994	0.00557	-0.00164	0.00556	0.99998	
22	0.21000	1092.09533	1582.52508	1000.06122	11.56696	3.28066	-111.06551	0.70892	-0.35885	-0.91834	-0.16696	0.93164	-0.34143	-0.12439	0.05723	-0.20018	0.97809		0.000	0.000	0.000	0.000	0.000	0.000	0.000	0.000	0.000	0.000	0.000	0.000	0.000	0.000	0.000	0.000		1204.06338	522.04143	39.30832	-0.28534	-0.12217	-179.47574	0.52927	-0.99996	-0.00916	-0.00209	0.00915	-0.99995	0.00500	-0.00213	0.00498	0.99999	
23	0.22000	1092.09159	1582.55853	1000.05538	11.55045	3.28688	-111.08361	0.70979	-0.35914	-0.91829	-0.16662	0.93152	-0.34173	-0.12444	0.05734	-0.19990	0.97814		0.000	0.000	0.000	0.000	0.000	0.000	0.000	0.000	0.000	0.000	0.000	0.000	0.000	0.000	0.000	0.000		1204.06723	522.04330	39.29857	-0.26826	-0.09237	-179.44942	0.52837	-0.99995	-0.00962	-0.00157	0.00961	-0.99994	0.00470	-0.00161	0.00468	0.99999	
24	0.23000	1092.10639	1582.55156	1000.04607	11.57231	3.24943	-111.09547	0.71771	-0.35934	-0.91811	-0.16717	0.93148	-0.34200	-0.12401	0.05668	-0.20028	0.97810		0.000	0.000	0.000	0.000	0.000	0.000	0.000	0.000	0.000	0.000	0.000	0.000	0.000	0.000	0.000	0.000		1204.06938	522.04919	39.30782	-0.30312	-0.10918	-179.46915	0.53172	-0.99996	-0.00928	-0.00186	0.00927	-0.99994	0.00531	-0.00191	0.00529	0.99998	
25	0.24000	1092.10412	1582.57363	1000.06324	11.57676	3.27354	-111.11723	0.71095	-0.35969	-0.91800	-0.16705	0.93132	-0.34226	-0.12449	0.05710	-0.20035	0.97806		0.000	0.000	0.000	0.000	0.000	0.000	0.000	0.000	0.000	0.000	0.000	0.000	0.000	0.000	0.000	0.000		1204.06967	522.04735	39.32233	-0.31417	-0.09583	-179.46907	0.53156	-0.99996	-0.00928	-0.00162	0.00927	-0.99994	0.00550	-0.00167	0.00548	0.99998	
26	0.25000	1092.10097	1582.56191	1000.04387	11.56860	3.28645	-111.09496	0.71503	-0.35932	-0.91817	-0.16689	0.93145	-0.34188	-0.12458	0.05733	-0.20021	0.97807		0.000	0.000	0.000	0.000	0.000	0.000	0.000	0.000	0.000	0.000	0.000	0.000	0.000	0.000	0.000	0.000		1204.07460	522.04873	39.29291	-0.32116	-0.08274	-179.43013	0.52418	-0.99995	-0.00995	-0.00139	0.00995	-0.99993	0.00562	-0.00144	0.00561	0.99998	
27	0.26000	1092.08936	1582.56913	1000.03411	11.57366	3.27675	-111.09344	0.71835	-0.35930	-0.91815	-0.16703	0.93147	-0.34187	-0.12445	0.05716	-0.20030	0.97807		0.000	0.000	0.000	0.000	0.000	0.000	0.000	0.000	0.000	0.000	0.000	0.000	0.000	0.000	0.000	0.000		1204.06628	522.06056	39.30695	-0.30240	-0.13183	-179.46518	0.52468	-0.99995	-0.00935	-0.00225	0.00933	-0.99994	0.00530	-0.00230	0.00528	0.99998	
28	0.27000	1092.10819	1582.56877	1000.03845	11.58078	3.27115	-111.12361	0.70910	-0.35979	-0.91794	-0.16711	0.93129	-0.34236	-0.12449	0.05706	-0.20042	0.97805		0.000	0.000	0.000	0.000	0.000	0.000	0.000	0.000	0.000	0.000	0.000	0.000	0.000	0.000	0.000	0.000		1204.07651	522.06796	39.29046	-0.33112	-0.09658	-179.44221	0.53701	-0.99995	-0.00974	-0.00163	0.00974	-0.99994	0.00580	-0.00169	0.00578	0.99998	
29	0.28000	1092.08533	1582.57897	1000.04449	11.55038	3.29450	-111.10978	0.72205	-0.35956	-0.91814	-0.16651	0.93135	-0.34213	-0.12464	0.05747	-0.19990	0.97813		0.000	0.000	0.000	0.000	0.000	0.000	0.000	0.000	0.000	0.000	0.000	0.000	0.000	0.000	0.000	0.000		1204.05567	522.05983	39.30535	-0.29941	-0.10293	-179.46945	0.52706	-0.99996	-0.00927	-0.00175	0.00926	-0.99994	0.00524	-0.00180	0.00523	0.99998	
30	0.29000	1092.09040	1582.56734	1000.01314	11.55522	3.30556	-111.13458	0.70715	-0.35996	-0.91800	-0.16647	0.93118	-0.34248	-0.12492	0.05766	-0.19998	0.97810		0.000	0.000	0.000	0.000	0.000	0.000	0.000	0.000	0.000	0.000	0.000	0.000	0.000	0.000	0.000	0.000		1204.04645	522.08416	39.29448	-0.25975	-0.09725	-179.49075	0.52294	-0.99996	-0.00890	-0.00166	0.00889	-0.99995	0.00455	-0.00170	0.00453	0.99999	
31	0.30000	1092.09999	1582.58167	1000.06068	11.56871	3.30001	-111.11975	0.71153	-0.35972	-0.91804	-0.16675	0.93128	-0.34223	-0.12487	0.05756	-0.20021	0.97806		0.000	0.000	0.000	0.000	0.000	0.000	0.000	0.000	0.000	0.000	0.000	0.000	0.000	0.000	0.000	0.000		1204.05811	522.04625	39.27809	-0.28537	-0.09921	-179.46100	0.53362	-0.99995	-0.00942	-0.00168	0.00941	-0.99994	0.00500	-0.00173	0.00498	0.99999	
32	0.31000	1092.10314	1582.56159	1000.04198	11.56077	3.27340	-111.10093	0.71011	-0.35942	-0.91814	-0.16683	0.93143	-0.34203	-0.12434	0.05710	-0.20008	0.97811		0.000	0.000	0.000	0.000	0.000	0.000	0.000	0.000	0.000	0.000	0.000	0.000	0.000	0.000	0.000	0.000		1204.06167	522.06957	39.29888	-0.28529	-0.10062	-179.44817	0.53864	-0.99995	-0.00964	-0.00171	0.00963	-0.99994	0.00500	-0.00176	0.00498	0.99999	
33	0.32000	1092.10346	1582.58131	1000.04177	11.56718	3.24760	-111.10068	0.71474	-0.35943	-0.91809	-0.16709	0.93145	-0.34210	-0.12397	0.05665	-0.20019	0.97812		0.000	0.000	0.000	0.000	0.000	0.000	0.000	0.000	0.000	0.000	0.000	0.000	0.000	0.000	0.000	0.000		1204.05243	522.08023	39.30592	-0.33763	-0.08303	-179.44286	0.53491	-0.99995	-0.00973	-0.00139	0.00972	-0.99994	0.00591	-0.00145	0.00589	0.99998	
34	0.33000	1092.09245	1582.55885	1000.03843	11.57194	3.26649	-111.09966	0.71342	-0.35941	-0.91811	-0.16705	0.93144	-0.34201	-0.12429	0.05698	-0.20027	0.97808		0.000	0.000	0.000	0.000	0.000	0.000	0.000	0.000	0.000	0.000	0.000	0.000	0.000	0.000	0.000	0.000		1204.06604	522.06045	39.32626	-0.36210	-0.08889	-179.44109	0.53855	-0.99995	-0.00976	-0.00149	0.00975	-0.99993	0.00633	-0.00155	0.00632	0.99998	
35	0.34000	1092.09282	1582.57325	1000.05184	11.54952	3.30351	-111.10603	0.71776	-0.35950	-0.91818	-0.16645	0.93137	-0.34204	-0.12477	0.05763	-0.19988	0.97812		0.000	0.000	0.000	0.000	0.000	0.000	0.000	0.000	0.000	0.000	0.000	0.000	0.000	0.000	0.000	0.000		1204.06181	522.05263	39.30982	-0.32063	-0.07775	-179.42795	0.53733	-0.99995	-0.00999	-0.00130	0.00998	-0.99993	0.00561	-0.00136	0.00560	0.99998	
36	0.35000	1092.10542	1582.55138	1000.06319	11.56529	3.29754	-111.10109	0.69949	-0.35942	-0.91816	-0.16675	0.93140	-0.34195	-0.12475	0.05752	-0.20015	0.97807		0.000	0.000	0.000	0.000	0.000	0.000	0.000	0.000	0.000	0.000	0.000	0.000	0.000	0.000	0.000	0.000		1204.07343	522.04861	39.33973	-0.35966	-0.10132	-179.42921	0.55259	-0.99995	-0.00997	-0.00171	0.00996	-0.99993	0.00629	-0.00177	0.00628	0.99998	
37	0.36000	1092.09389	1582.54860	1000.05743	11.53741	3.31884	-111.07323	0.71777	-0.35896	-0.91843	-0.16624	0.93156	-0.34149	-0.12484	0.05789	-0.19967	0.97815		0.000	0.000	0.000	0.000	0.000	0.000	0.000	0.000	0.000	0.000	0.000	0.000	0.000	0.000	0.000	0.000		1204.05672	522.05897	39.31395	-0.27303	-0.11463	-179.47577	0.53696	-0.99996	-0.00916	-0.00196	0.00915	-0.99995	0.00478	-0.00200	0.00477	0.99999	
38	0.37000	1092.11329	1582.55633	1000.07300	11.57360	3.29836	-111.08819	0.70076	-0.35921	-0.91821	-0.16691	0.93148	-0.34172	-0.12478	0.05754	-0.20029	0.97804		0.000	0.000	0.000	0.000	0.000	0.000	0.000	0.000	0.000	0.000	0.000	0.000	0.000	0.000	0.000	0.000		1204.06598	522.07651	39.31796	-0.32999	-0.08372	-179.45168	0.52595	-0.99995	-0.00958	-0.00141	0.00957	-0.99994	0.00577	-0.00146	0.00576	0.99998	
39	0.38000	1092.11255	1582.57878	1000.07426	11.58601	3.27623	-111.12003	0.71400	-0.35973	-0.91796	-0.16718	0.93130	-0.34227	-0.12459	0.05715	-0.20051	0.97802		0.000	0.000	0.000	0.000	0.000	0.000	0.000	0.000	0.000	0.000	0.000	0.000	0.000	0.000	0.000	0.000		1204.07386	522.03727	39.32050	-0.29118	-0.11604	-179.45731	0.54716	-0.99995	-0.00948	-0.00198	0.00947	-0.99994	0.00510	-0.00203	0.00508	0.99999	
40	0.39000	1092.11627	1582.57002	1000.06793	11.59750	3.26800	-111.14118	0.68385	-0.36008	-0.91779	-0.16736	0.93118	-0.34261	-0.12459	0.05701	-0.20071	0.97799		0.000	0.000	0.000	0.000	0.000	0.000	0.000	0.000	0.000	0.000	0.000	0.000	0.000	0.000	0.000	0.000		1204.08160	522.04329	39.33386	-0.32769	-0.08293	-179.43681	0.54777	-0.99995	-0.00984	-0.00139	0.00983	-0.99994	0.00573	-0.00145	0.00572	0.99998	
41	0.40000	1092.09022	1582.55765	1000.06094	11.54259	3.29535	-111.07861	0.71175	-0.35905	-0.91835	-0.16645	0.93154	-0.34164	-0.12452	0.05748	-0.19977	0.97816		0.000	0.000	0.000	0.000	0.000	0.000	0.000	0.000	0.000	0.000	0.000	0.000	0.000	0.000	0.000	0.000		1204.06367	522.06381	39.30273	-0.28622	-0.10073	-179.43277	0.53332	-0.99995	-0.00991	-0.00171	0.00990	-0.99994	0.00501	-0.00176	0.00500	0.99999	
42	0.41000	1092.10579	1582.56150	1000.03843	11.56724	3.26677	-111.09659	0.70696	-0.35936	-0.91814	-0.16698	0.93146	-0.34197	-0.12426	0.05698	-0.20019	0.97810		0.000	0.000	0.000	0.000	0.000	0.000	0.000	0.000	0.000	0.000	0.000	0.000	0.000	0.000	0.000	0.000		1204.06354	522.06824	39.29388	-0.22545	-0.11084	-179.46471	0.51128	-0.99995	-0.00935	-0.00190	0.00934	-0.99995	0.00395	-0.00193	0.00393	0.99999	
43	0.42000	1092.09037	1582.56968	1000.03667	11.56001	3.27431	-111.10072	0.71067	-0.35942	-0.91815	-0.16681	0.93143	-0.34203	-0.12435	0.05712	-0.20007	0.97812		0.000	0.000	0.000	0.000	0.000	0.000	0.000	0.000	0.000	0.000	0.000	0.000	0.000	0.000	0.000	0.000		1204.06243	522.07419	39.30680	-0.31421	-0.08640	-179.45877	0.52226	-0.99995	-0.00945	-0.00146	0.00945	-0.99994	0.00550	-0.00151	0.00548	0.99998	
44	0.43000	1092.11426	1582.57181	1000.04373	11.57130	3.28002	-111.10161	0.71362	-0.35943	-0.91811	-0.16696	0.93142	-0.34200	-0.12451	0.05722	-0.20026	0.97807		0.000	0.000	0.000	0.000	0.000	0.000	0.000	0.000	0.000	0.000	0.000	0.000	0.000	0.000	0.000	0.000		1204.07945	522.05871	39.30716	-0.25570	-0.08583	-179.47403	0.53078	-0.99996	-0.00919	-0.00146	0.00918	-0.99995	0.00448	-0.00150	0.00446	0.99999	
45	0.44000	1092.08618	1582.58339	1000.05074	11.57542	3.28575	-111.11074	0.72128	-0.35958	-0.91805	-0.16697	0.93135	-0.34212	-0.12465	0.05732	-0.20033	0.97805		0.000	0.000	0.000	0.000	0.000	0.000	0.000	0.000	0.000	0.000	0.000	0.000	0.000	0.000	0.000	0.000		1204.05946	522.06321	39.31011	-0.26802	-0.08735	-179.48210	0.53699	-0.99996	-0.00905	-0.00148	0.00904	-0.99995	0.00469	-0.00152	0.00468	0.99999	
46	0.45000	1092.10223	1582.56757	1000.03730	11.56325	3.27699	-111.09319	0.70887	-0.35930	-0.91818	-0.16686	0.93147	-0.34189	-0.12439	0.05716	-0.20012	0.97810		0.000	0.000	0.000	0.000	0.000	0.000	0.000	0.000	0.000	0.000	0.000	0.000	0.000	0.000	0.000	0.000		1204.09328	522.06425	39.30309	-0.27613	-0.07855	-179.44839	0.52409	-0.99995	-0.00963	-0.00132	0.00963	-0.99994	0.00483	-0.00137	0.00482	0.99999	
47	0.46000	1092.08523	1582.57306	1000.04238	11.55674	3.28889	-111.08811	0.70918	-0.35921	-0.91825	-0.16670	0.93149	-0.34179	-0.12453	0.05737	-0.20001	0.97811		0.000	0.000	0.000	0.000	0.000	0.000	0.000	0.000	0.000	0.000	0.000	0.000	0.000	0.000	0.000	0.000		1204.08500	522.07600	39.30839	-0.31894	-0.07500	-179.47115	0.54127	-0.99996	-0.00924	-0.00126	0.00923	-0.99994	0.00558	-0.00131	0.00557	0.99998	
48	0.47000	1092.08584	1582.55384	1000.01696	11.53172	3.31200	-111.09032	0.70456	-0.35924	-0.91834	-0.16615	0.93146	-0.34180	-0.12475	0.05777	-0.19958	0.97818		0.000	0.000	0.000	0.000	0.000	0.000	0.000	0.000	0.000	0.000	0.000	0.000	0.000	0.000	0.000	0.000		1204.08207	522.05924	39.28729	-0.26854	-0.07239	-179.49356	0.52760	-0.99996	-0.00884	-0.00122	0.00884	-0.99995	0.00470	-0.00126	0.00469	0.99999	
49	0.48000	1092.10497	1582.57947	1000.04453	11.57983	3.28132	-111.10979	0.70998	-0.35957	-0.91804	-0.16707	0.93136	-0.34211	-0.12461	0.05724	-0.20040	0.97804		0.000	0.000	0.000	0.000	0.000	0.000	0.000	0.000	0.000	0.000	0.000	0.000	0.000	0.000	0.000	0.000		1204.10962	522.06065	39.29426	-0.29802	-0.08845	-179.46077	0.51128	-0.99995	-0.00942	-0.00149	0.00941	-0.99994	0.00522	-0.00154	0.00520	0.99999	
50	0.49000	1092.11260	1582.56626	1000.03680	11.56839	3.26199	-111.10421	0.70581	-0.35948	-0.91808	-0.16701	0.93142	-0.34211	-0.12421	0.05690	-0.20021	0.97810		0.000	0.000	0.000	0.000	0.000	0.000	0.000	0.000	0.000	0.000	0.000	0.000	0.000	0.000	0.000	0.000		1204.09227	522.06572	39.30078	-0.24039	-0.08724	-179.46387	0.53338	-0.99996	-0.00936	-0.00148	0.00936	-0.99995	0.00421	-0.00152	0.00420	0.99999	
51	0.50000	1092.10622	1582.57813	1000.05426	11.55747	3.29338	-111.09715	0.71171	-0.35936	-0.91820	-0.16666	0.93143	-0.34191	-0.12463	0.05745	-0.20002	0.97811		0.000	0.000	0.000	0.000	0.000	0.000	0.000	0.000	0.000	0.000	0.000	0.000	0.000	0.000	0.000	0.000		1204.10282	522.06200	39.31103	-0.28581	-0.09057	-179.45009	0.52099	-0.99995	-0.00961	-0.00153	0.00960	-0.99994	0.00500	-0.00158	0.00499	0.99999	
52	0.51000	1092.11161	1582.57010	1000.03812	11.58885	3.26183	-111.10311	0.69866	-0.35946	-0.91803	-0.16735	0.93142	-0.34204	-0.12433	0.05690	-0.20056	0.97803		0.000	0.000	0.000	0.000	0.000	0.000	0.000	0.000	0.000	0.000	0.000	0.000	0.000	0.000	0.000	0.000		1204.09246	522.06844	39.30935	-0.24924	-0.08649	-179.45444	0.52437	-0.99995	-0.00953	-0.00147	0.00952	-0.99995	0.00436	-0.00151	0.00435	0.99999	
53	0.52000	1092.10858	1582.57151	1000.03786	11.56728	3.25823	-111.06443	0.71292	-0.35884	-0.91832	-0.16711	0.93167	-0.34148	-0.12403	0.05684	-0.20019	0.97811		0.000	0.000	0.000	0.000	0.000	0.000	0.000	0.000	0.000	0.000	0.000	0.000	0.000	0.000	0.000	0.000		1204.07711	522.07610	39.29270	-0.28815	-0.07529	-179.46965	0.51970	-0.99996	-0.00926	-0.00127	0.00926	-0.99994	0.00504	-0.00131	0.00503	0.99999	
54	0.53000	1092.10188	1582.56320	1000.02353	11.55039	3.29670	-111.11392	0.69723	-0.35963	-0.91812	-0.16649	0.93132	-0.34219	-0.12469	0.05751	-0.19990	0.97813		0.000	0.000	0.000	0.000	0.000	0.000	0.000	0.000	0.000	0.000	0.000	0.000	0.000	0.000	0.000	0.000		1204.11301	522.05061	39.29153	-0.29645	-0.08110	-179.44330	0.53035	-0.99995	-0.00972	-0.00137	0.00972	-0.99994	0.00519	-0.00142	0.00517	0.99999	
55	0.54000	1092.11035	1582.55618	1000.06568	11.54121	3.29743	-111.05018	0.72125	-0.35859	-0.91853	-0.16648	0.93172	-0.34118	-0.12446	0.05752	-0.19974	0.97816		0.000	0.000	0.000	0.000	0.000	0.000	0.000	0.000	0.000	0.000	0.000	0.000	0.000	0.000	0.000	0.000		1204.09177	522.05477	39.31537	-0.26153	-0.09814	-179.43774	0.53265	-0.99995	-0.00982	-0.00167	0.00981	-0.99994	0.00458	-0.00171	0.00456	0.99999	
56	0.55000	1092.11691	1582.57123	1000.05087	11.57178	3.30194	-111.11543	0.70025	-0.35965	-0.91806	-0.16680	0.93131	-0.34215	-0.12490	0.05760	-0.20026	0.97805		0.000	0.000	0.000	0.000	0.000	0.000	0.000	0.000	0.000	0.000	0.000	0.000	0.000	0.000	0.000	0.000		1204.07755	522.05565	39.32598	-0.26158	-0.08717	-179.46329	0.54209	-0.99995	-0.00937	-0.00148	0.00937	-0.99995	0.00458	-0.00152	0.00457	0.99999	
57	0.56000	1092.09460	1582.56666	1000.04186	11.55541	3.29496	-111.08790	0.72615	-0.35920	-0.91826	-0.16664	0.93149	-0.34176	-0.12461	0.05748	-0.19998	0.97811		0.000	0.000	0.000	0.000	0.000	0.000	0.000	0.000	0.000	0.000	0.000	0.000	0.000	0.000	0.000	0.000		1204.10026	522.05269	39.33456	-0.29056	-0.08053	-179.44189	0.52203	-0.99995	-0.00975	-0.00136	0.00974	-0.99994	0.00508	-0.00141	0.00507	0.99999	
58	0.57000	1092.09943	1582.56781	1000.04798	11.57578	3.28257	-111.09671	0.72363	-0.35935	-0.91813	-0.16702	0.93144	-0.34190	-0.12456	0.05726	-0.20033	0.97805		0.000	0.000	0.000	0.000	0.000	0.000	0.000	0.000	0.000	0.000	0.000	0.000	0.000	0.000	0.000	0.000		1204.10273	522.05459	39.31276	-0.32657	-0.09619	-179.44919	0.53283	-0.99995	-0.00962	-0.00162	0.00961	-0.99994	0.00572	-0.00168	0.00570	0.99998	
59	0.58000	1092.11513	1582.57489	1000.04810	11.55956	3.27562	-111.08836	0.71789	-0.35922	-0.91822	-0.16682	0.93150	-0.34183	-0.12433	0.05714	-0.20006	0.97812		0.000	0.000	0.000	0.000	0.000	0.000	0.000	0.000	0.000	0.000	0.000	0.000	0.000	0.000	0.000	0.000		1204.07738	522.05872	39.31199	-0.30513	-0.09994	-179.44167	0.53397	-0.99995	-0.00975	-0.00169	0.00974	-0.99994	0.00534	-0.00174	0.00533	0.99998	
60	0.59000	1092.10659	1582.56407	1000.02333	11.54679	3.25930	-111.06846	0.70321	-0.35890	-0.91836	-0.16676	0.93164	-0.34159	-0.12394	0.05685	-0.19984	0.97818		0.000	0.000	0.000	0.000	0.000	0.000	0.000	0.000	0.000	0.000	0.000	0.000	0.000	0.000	0.000	0.000		1204.07030	522.06761	39.34725	-0.28451	-0.10330	-179.45734	0.53613	-0.99995	-0.00948	-0.00176	0.00947	-0.99994	0.00498	-0.00180	0.00497	0.99999	
61	0.60000	1092.07547	1582.56651	1000.02784	11.54609	3.30342	-111.09484	0.72846	-0.35931	-0.91826	-0.16642	0.93144	-0.34187	-0.12471	0.05762	-0.19982	0.97814		0.000	0.000	0.000	0.000	0.000	0.000	0.000	0.000	0.000	0.000	0.000	0.000	0.000	0.000	0.000	0.000		1204.07643	522.05506	39.32027	-0.26830	-0.09888	-179.45645	0.53606	-0.99995	-0.00949	-0.00168	0.00949	-0.99994	0.00470	-0.00173	0.00468	0.99999	
62	0.61000	1092.11714	1582.58452	1000.06677	11.58736	3.30620	-111.14879	0.70604	-0.36019	-0.91782	-0.16695	0.93109	-0.34263	-0.12516	0.05767	-0.20053	0.97799		0.000	0.000	0.000	0.000	0.000	0.000	0.000	0.000	0.000	0.000	0.000	0.000	0.000	0.000	0.000	0.000		1204.05554	522.06385	39.31146	-0.27412	-0.09456	-179.47484	0.53866	-0.99996	-0.00917	-0.00161	0.00917	-0.99995	0.00480	-0.00165	0.00478	0.99999	
63	0.62000	1092.10324	1582.58586	1000.04222	11.56715	3.29389	-111.12270	0.70670	-0.35977	-0.91802	-0.16676	0.93127	-0.34230	-0.12477	0.05746	-0.20019	0.97807		0.000	0.000	0.000	0.000	0.000	0.000	0.000	0.000	0.000	0.000	0.000	0.000	0.000	0.000	0.000	0.000		1204.06895	522.06562	39.32003	-0.31869	-0.08733	-179.43417	0.54098	-0.99995	-0.00988	-0.00147	0.00988	-0.99994	0.00558	-0.00152	0.00556	0.99998	
64	0.63000	1092.10785	1582.57738	1000.03812	11.57868	3.28340	-111.11147	0.72257	-0.35959	-0.91804	-0.16703	0.93135	-0.34213	-0.12464	0.05727	-0.20038	0.97804		0.000	0.000	0.000	0.000	0.000	0.000	0.000	0.000	0.000	0.000	0.000	0.000	0.000	0.000	0.000	0.000		1204.08522	522.08022	39.31186	-0.31154	-0.09634	-179.43947	0.52699	-0.99995	-0.00979	-0.00163	0.00978	-0.99994	0.00545	-0.00168	0.00544	0.99998	
65	0.64000	1092.10902	1582.58471	1000.04016	11.55094	3.26600	-111.08941	0.70887	-0.35924	-0.91823	-0.16674	0.93150	-0.34189	-0.12413	0.05697	-0.19991	0.97816		0.000	0.000	0.000	0.000	0.000	0.000	0.000	0.000	0.000	0.000	0.000	0.000	0.000	0.000	0.000	0.000		1204.06042	522.07620	39.32247	-0.30491	-0.08707	-179.45735	0.53856	-0.99995	-0.00948	-0.00147	0.00947	-0.99994	0.00534	-0.00152	0.00532	0.99998	
66	0.65000	1092.09383	1582.57065	1000.02139	11.55188	3.27394	-111.06735	0.71266	-0.35888	-0.91837	-0.16676	0.93164	-0.34151	-0.12420	0.05711	-0.19993	0.97814		0.000	0.000	0.000	0.000	0.000	0.000	0.000	0.000	0.000	0.000	0.000	0.000	0.000	0.000	0.000	0.000		1204.06417	522.06924	39.31342	-0.26235	-0.09764	-179.44473	0.54042	-0.99995	-0.00970	-0.00166	0.00969	-0.99994	0.00460	-0.00170	0.00458	0.99999	
67	0.66000	1092.10943	1582.58318	1000.04680	11.57067	3.28757	-111.09559	0.71154	-0.35933	-0.91816	-0.16691	0.93145	-0.34188	-0.12461	0.05735	-0.20025	0.97807		0.000	0.000	0.000	0.000	0.000	0.000	0.000	0.000	0.000	0.000	0.000	0.000	0.000	0.000	0.000	0.000		1204.06224	522.05398	39.32100	-0.32339	-0.08187	-179.43387	0.54523	-0.99995	-0.00989	-0.00137	0.00988	-0.99994	0.00566	-0.00143	0.00564	0.99998	
68	0.67000	1092.11350	1582.57353	1000.02679	11.58338	3.25637	-111.10436	0.70215	-0.35949	-0.91803	-0.16729	0.93142	-0.34209	-0.12421	0.05680	-0.20047	0.97805		0.000	0.000	0.000	0.000	0.000	0.000	0.000	0.000	0.000	0.000	0.000	0.000	0.000	0.000	0.000	0.000		1204.06646	522.07257	39.30809	-0.23745	-0.11384	-179.45934	0.53364	-0.99995	-0.00944	-0.00195	0.00944	-0.99995	0.00416	-0.00199	0.00414	0.99999	
69	0.68000	1092.10474	1582.59106	1000.04439	11.56347	3.30067	-111.10738	0.71700	-0.35952	-0.91813	-0.16669	0.93136	-0.34204	-0.12481	0.05758	-0.20012	0.97808		0.000	0.000	0.000	0.000	0.000	0.000	0.000	0.000	0.000	0.000	0.000	0.000	0.000	0.000	0.000	0.000		1204.04881	522.08410	39.29685	-0.28688	-0.08870	-179.46104	0.53972	-0.99995	-0.00941	-0.00150	0.00941	-0.99994	0.00502	-0.00155	0.00501	0.99999	
70	0.69000	1092.10376	1582.57926	1000.01762	11.56959	3.27003	-111.09015	0.71299	-0.35925	-0.91817	-0.16702	0.93150	-0.34185	-0.12431	0.05704	-0.20023	0.97809		0.000	0.000	0.000	0.000	0.000	0.000	0.000	0.000	0.000	0.000	0.000	0.000	0.000	0.000	0.000	0.000		1204.05933	522.06221	39.29314	-0.23265	-0.09404	-179.46469	0.51987	-0.99995	-0.00935	-0.00160	0.00934	-0.99995	0.00408	-0.00164	0.00406	0.99999	
71	0.70000	1092.10623	1582.57507	1000.06700	11.57846	3.31022	-111.11807	0.70359	-0.35969	-0.91803	-0.16685	0.93128	-0.34215	-0.12508	0.05774	-0.20037	0.97802		0.000	0.000	0.000	0.000	0.000	0.000	0.000	0.000	0.000	0.000	0.000	0.000	0.000	0.000	0.000	0.000		1204.06196	522.06020	39.30972	-0.24568	-0.11138	-179.46861	0.53279	-0.99996	-0.00928	-0.00190	0.00927	-0.99995	0.00431	-0.00194	0.00429	0.99999	
72	0.71000	1092.13746	1582.58308	1000.04309	11.56834	3.25722	-111.09194	0.70843	-0.35928	-0.91815	-0.16707	0.93150	-0.34192	-0.12410	0.05682	-0.20021	0.97810		0.000	0.000	0.000	0.000	0.000	0.000	0.000	0.000	0.000	0.000	0.000	0.000	0.000	0.000	0.000	0.000		1204.08097	522.06101	39.34136	-0.32401	-0.09122	-179.43159	0.53714	-0.99995	-0.00993	-0.00154	0.00992	-0.99993	0.00567	-0.00159	0.00566	0.99998	
73	0.72000	1092.09679	1582.56666	1000.05037	11.54593	3.31325	-111.09480	0.69788	-0.35931	-0.91827	-0.16636	0.93143	-0.34184	-0.12487	0.05779	-0.19982	0.97813		0.000	0.000	0.000	0.000	0.000	0.000	0.000	0.000	0.000	0.000	0.000	0.000	0.000	0.000	0.000	0.000		1204.06233	522.07865	39.30619	-0.29109	-0.09367	-179.44930	0.53013	-0.99995	-0.00962	-0.00159	0.00961	-0.99994	0.00510	-0.00163	0.00508	0.99999	
74	0.73000	1092.10965	1582.56061	1000.02403	11.55485	3.27827	-111.07210	0.70483	-0.35895	-0.91834	-0.16677	0.93160	-0.34157	-0.12430	0.05719	-0.19998	0.97813		0.000	0.000	0.000	0.000	0.000	0.000	0.000	0.000	0.000	0.000	0.000	0.000	0.000	0.000	0.000	0.000		1204.06399	522.06685	39.32436	-0.28322	-0.07715	-179.46320	0.53167	-0.99996	-0.00938	-0.00130	0.00937	-0.99994	0.00496	-0.00135	0.00494	0.99999	
75	0.74000	1092.08732	1582.56399	1000.02642	11.54945	3.28174	-111.06004	0.71055	-0.35876	-0.91843	-0.16669	0.93167	-0.34137	-0.12429	0.05725	-0.19989	0.97815		0.000	0.000	0.000	0.000	0.000	0.000	0.000	0.000	0.000	0.000	0.000	0.000	0.000	0.000	0.000	0.000		1204.07180	522.07312	39.30538	-0.30199	-0.07607	-179.47861	0.52987	-0.99996	-0.00911	-0.00128	0.00910	-0.99994	0.00528	-0.00133	0.00527	0.99999	
76	0.75000	1092.10756	1582.56633	1000.04249	11.56448	3.30931	-111.11018	0.70790	-0.35956	-0.91812	-0.16665	0.93133	-0.34206	-0.12496	0.05773	-0.20014	0.97807		0.000	0.000	0.000	0.000	0.000	0.000	0.000	0.000	0.000	0.000	0.000	0.000	0.000	0.000	0.000	0.000		1204.06528	522.08170	39.30597	-0.29117	-0.06396	-179.47530	0.53338	-0.99996	-0.00916	-0.00107	0.00916	-0.99995	0.00509	-0.00112	0.00508	0.99999	
77	0.76000	1092.09272	1582.56265	1000.02505	11.55908	3.29383	-111.10216	0.70619	-0.35944	-0.91816	-0.16667	0.93140	-0.34199	-0.12466	0.05746	-0.20005	0.97810		0.000	0.000	0.000	0.000	0.000	0.000	0.000	0.000	0.000	0.000	0.000	0.000	0.000	0.000	0.000	0.000		1204.08293	522.06178	39.30497	-0.25849	-0.06943	-179.47165	0.53399	-0.99996	-0.00923	-0.00117	0.00922	-0.99995	0.00452	-0.00121	0.00451	0.99999	
78	0.77000	1092.11927	1582.56172	1000.02559	11.54994	3.27818	-111.07689	0.70805	-0.35903	-0.91832	-0.16668	0.93157	-0.34165	-0.12428	0.05718	-0.19989	0.97815		0.000	0.000	0.000	0.000	0.000	0.000	0.000	0.000	0.000	0.000	0.000	0.000	0.000	0.000	0.000	0.000		1204.07822	522.07458	39.29446	-0.28054	-0.07742	-179.45120	0.52695	-0.99995	-0.00958	-0.00130	0.00958	-0.99994	0.00491	-0.00135	0.00490	0.99999	
79	0.78000	1092.09470	1582.58301	1000.01788	11.54420	3.29339	-111.09318	0.70454	-0.35929	-0.91826	-0.16646	0.93146	-0.34188	-0.12454	0.05745	-0.19979	0.97815		0.000	0.000	0.000	0.000	0.000	0.000	0.000	0.000	0.000	0.000	0.000	0.000	0.000	0.000	0.000	0.000		1204.09116	522.07469	39.31630	-0.28683	-0.08866	-179.46431	0.51881	-0.99996	-0.00936	-0.00150	0.00935	-0.99994	0.00502	-0.00155	0.00501	0.99999	
80	0.79000	1092.08381	1582.56475	1000.03000	11.57520	3.26895	-111.09965	0.70308	-0.35941	-0.91810	-0.16709	0.93144	-0.34199	-0.12435	0.05702	-0.20033	0.97807		0.000	0.000	0.000	0.000	0.000	0.000	0.000	0.000	0.000	0.000	0.000	0.000	0.000	0.000	0.000	0.000		1204.10753	522.06796	39.30929	-0.23309	-0.09913	-179.45682	0.51660	-0.99995	-0.00949	-0.00169	0.00948	-0.99995	0.00408	-0.00173	0.00407	0.99999	
81	0.80000	1092.10449	1582.57774	1000.03221	11.56809	3.28571	-111.09082	0.71051	-0.35926	-0.91819	-0.16689	0.93148	-0.34181	-0.12455	0.05732	-0.20020	0.97808		0.000	0.000	0.000	0.000	0.000	0.000	0.000	0.000	0.000	0.000	0.000	0.000	0.000	0.000	0.000	0.000		1204.09109	522.07508	39.30025	-0.26799	-0.07126	-179.44551	0.52873	-0.99995	-0.00968	-0.00120	0.00968	-0.99994	0.00469	-0.00124	0.00468	0.99999	
82	0.81000	1092.10953	1582.56107	1000.01792	11.53387	3.28560	-111.08327	0.70612	-0.35913	-0.91834	-0.16636	0.93152	-0.34177	-0.12432	0.05731	-0.19962	0.97820		0.000	0.000	0.000	0.000	0.000	0.000	0.000	0.000	0.000	0.000	0.000	0.000	0.000	0.000	0.000	0.000		1204.09262	522.07193	39.31272	-0.28950	-0.07900	-179.43115	0.52424	-0.99995	-0.00993	-0.00133	0.00993	-0.99994	0.00507	-0.00138	0.00505	0.99999	
83	0.82000	1092.10803	1582.58213	1000.06075	11.56294	3.29608	-111.08562	0.71552	-0.35917	-0.91825	-0.16676	0.93150	-0.34171	-0.12467	0.05750	-0.20011	0.97808		0.000	0.000	0.000	0.000	0.000	0.000	0.000	0.000	0.000	0.000	0.000	0.000	0.000	0.000	0.000	0.000		1204.08323	522.06672	39.30687	-0.27626	-0.09550	-179.44643	0.51646	-0.99995	-0.00967	-0.00162	0.00966	-0.99994	0.00484	-0.00167	0.00482	0.99999	
84	0.83000	1092.10414	1582.56468	1000.02508	11.58651	3.25094	-111.09291	0.70443	-0.35930	-0.91808	-0.16740	0.93150	-0.34192	-0.12411	0.05671	-0.20052	0.97805		0.000	0.000	0.000	0.000	0.000	0.000	0.000	0.000	0.000	0.000	0.000	0.000	0.000	0.000	0.000	0.000		1204.11267	522.07358	39.32542	-0.29847	-0.07232	-179.42017	0.51915	-0.99995	-0.01013	-0.00121	0.01012	-0.99994	0.00522	-0.00126	0.00521	0.99999	
85	0.84000	1092.10769	1582.57957	1000.03626	11.56656	3.30429	-111.11333	0.71508	-0.35962	-0.91809	-0.16671	0.93132	-0.34212	-0.12490	0.05764	-0.20017	0.97806		0.000	0.000	0.000	0.000	0.000	0.000	0.000	0.000	0.000	0.000	0.000	0.000	0.000	0.000	0.000	0.000		1204.10345	522.06501	39.32877	-0.38417	-0.06694	-179.42987	0.54928	-0.99995	-0.00996	-0.00110	0.00995	-0.99993	0.00672	-0.00117	0.00671	0.99998	
86	0.85000	1092.09852	1582.56573	1000.02391	11.56411	3.29856	-111.10275	0.71800	-0.35944	-0.91815	-0.16672	0.93139	-0.34197	-0.12477	0.05754	-0.20013	0.97808		0.000	0.000	0.000	0.000	0.000	0.000	0.000	0.000	0.000	0.000	0.000	0.000	0.000	0.000	0.000	0.000		1204.08293	522.07886	39.31138	-0.28904	-0.08952	-179.44409	0.51792	-0.99995	-0.00971	-0.00151	0.00970	-0.99994	0.00506	-0.00156	0.00504	0.99999	
87	0.86000	1092.10178	1582.56927	1000.02184	11.55376	3.26381	-111.07593	0.71387	-0.35902	-0.91830	-0.16683	0.93159	-0.34168	-0.12407	0.05693	-0.19996	0.97815		0.000	0.000	0.000	0.000	0.000	0.000	0.000	0.000	0.000	0.000	0.000	0.000	0.000	0.000	0.000	0.000		1204.09111	522.07514	39.30271	-0.26250	-0.08446	-179.46194	0.51844	-0.99995	-0.00940	-0.00143	0.00939	-0.99995	0.00460	-0.00147	0.00458	0.99999	
88	0.87000	1092.10834	1582.57121	1000.02572	11.55892	3.28246	-111.09927	0.70147	-0.35939	-0.91817	-0.16675	0.93143	-0.34198	-0.12447	0.05726	-0.20005	0.97811		0.000	0.000	0.000	0.000	0.000	0.000	0.000	0.000	0.000	0.000	0.000	0.000	0.000	0.000	0.000	0.000		1204.08786	522.06504	39.30652	-0.28068	-0.08441	-179.46135	0.53533	-0.99995	-0.00941	-0.00143	0.00940	-0.99994	0.00491	-0.00147	0.00490	0.99999	
89	0.88000	1092.10096	1582.57692	1000.02756	11.56157	3.27099	-111.07900	0.71569	-0.35907	-0.91827	-0.16690	0.93157	-0.34169	-0.12424	0.05706	-0.20009	0.97811		0.000	0.000	0.000	0.000	0.000	0.000	0.000	0.000	0.000	0.000	0.000	0.000	0.000	0.000	0.000	0.000		1204.10343	522.07393	39.31666	-0.33011	-0.06986	-179.43631	0.52588	-0.99995	-0.00985	-0.00116	0.00984	-0.99993	0.00577	-0.00122	0.00576	0.99998	
90	0.89000	1092.10686	1582.56908	1000.03754	11.57260	3.30221	-111.11835	0.71116	-0.35970	-0.91804	-0.16680	0.93129	-0.34219	-0.12492	0.05760	-0.20028	0.97804		0.000	0.000	0.000	0.000	0.000	0.000	0.000	0.000	0.000	0.000	0.000	0.000	0.000	0.000	0.000	0.000		1204.10476	522.07052	39.31101	-0.29629	-0.09244	-179.44295	0.53138	-0.99995	-0.00973	-0.00156	0.00972	-0.99994	0.00519	-0.00161	0.00517	0.99999	
91	0.90000	1092.09266	1582.58026	1000.02379	11.56314	3.29230	-111.11550	0.70083	-0.35965	-0.91807	-0.16672	0.93132	-0.34220	-0.12470	0.05743	-0.20012	0.97809		0.000	0.000	0.000	0.000	0.000	0.000	0.000	0.000	0.000	0.000	0.000	0.000	0.000	0.000	0.000	0.000		1204.07034	522.06554	39.31604	-0.25289	-0.11616	-179.47232	0.53016	-0.99996	-0.00922	-0.00199	0.00921	-0.99995	0.00443	-0.00203	0.00441	0.99999	
92	0.91000	1092.10546	1582.56061	1000.02734	11.55120	3.27666	-111.07699	0.72320	-0.35903	-0.91832	-0.16671	0.93157	-0.34166	-0.12427	0.05716	-0.19992	0.97814		0.000	0.000	0.000	0.000	0.000	0.000	0.000	0.000	0.000	0.000	0.000	0.000	0.000	0.000	0.000	0.000		1204.09215	522.07439	39.32556	-0.24972	-0.08961	-179.42909	0.52366	-0.99995	-0.00997	-0.00152	0.00996	-0.99994	0.00437	-0.00156	0.00436	0.99999	
93	0.92000	1092.09611	1582.56890	1000.04931	11.57006	3.29097	-111.09322	0.71567	-0.35929	-0.91818	-0.16689	0.93146	-0.34183	-0.12465	0.05741	-0.20024	0.97806		0.000	0.000	0.000	0.000	0.000	0.000	0.000	0.000	0.000	0.000	0.000	0.000	0.000	0.000	0.000	0.000		1204.08907	522.06433	39.35059	-0.32103	-0.09044	-179.43053	0.54186	-0.99995	-0.00995	-0.00152	0.00994	-0.99993	0.00562	-0.00158	0.00560	0.99998	
94	0.93000	1092.10977	1582.55050	1000.01788	11.56355	3.25555	-111.09093	0.71086	-0.35927	-0.91817	-0.16701	0.93150	-0.34192	-0.12404	0.05679	-0.20013	0.97812		0.000	0.000	0.000	0.000	0.000	0.000	0.000	0.000	0.000	0.000	0.000	0.000	0.000	0.000	0.000	0.000		1204.07061	522.06845	39.32908	-0.29951	-0.06772	-179.45490	0.53455	-0.99995	-0.00952	-0.00113	0.00951	-0.99994	0.00524	-0.00118	0.00523	0.99999	
95	0.94000	1092.09477	1582.54889	1000.04068	11.55767	3.28677	-111.06948	0.71067	-0.35891	-0.91835	-0.16677	0.93161	-0.34149	-0.12444	0.05733	-0.20002	0.97811		0.000	0.000	0.000	0.000	0.000	0.000	0.000	0.000	0.000	0.000	0.000	0.000	0.000	0.000	0.000	0.000		1204.06904	522.07508	39.32946	-0.28503	-0.08820	-179.45564	0.53573	-0.99995	-0.00951	-0.00149	0.00950	-0.99994	0.00499	-0.00154	0.00497	0.99999	
96	0.95000	1092.11404	1582.57362	1000.04703	11.58864	3.28529	-111.11438	0.72163	-0.35964	-0.91799	-0.16717	0.93133	-0.34215	-0.12473	0.05731	-0.20055	0.97801		0.000	0.000	0.000	0.000	0.000	0.000	0.000	0.000	0.000	0.000	0.000	0.000	0.000	0.000	0.000	0.000		1204.06343	522.06743	39.31558	-0.23464	-0.09692	-179.44904	0.53139	-0.99995	-0.00962	-0.00165	0.00962	-0.99995	0.00411	-0.00169	0.00410	0.99999	
97	0.96000	1092.09220	1582.56810	1000.02094	11.56144	3.26175	-111.06956	0.73281	-0.35892	-0.91831	-0.16698	0.93163	-0.34157	-0.12407	0.05690	-0.20009	0.97812		0.000	0.000	0.000	0.000	0.000	0.000	0.000	0.000	0.000	0.000	0.000	0.000	0.000	0.000	0.000	0.000		1204.06264	522.07771	39.29526	-0.30231	-0.08084	-179.45541	0.52706	-0.99995	-0.00951	-0.00136	0.00950	-0.99994	0.00529	-0.00141	0.00528	0.99999	
98	0.97000	1092.11060	1582.54679	1000.05032	11.56010	3.29519	-111.07899	0.70142	-0.35906	-0.91830	-0.16673	0.93154	-0.34161	-0.12462	0.05748	-0.20006	0.97810		0.000	0.000	0.000	0.000	0.000	0.000	0.000	0.000	0.000	0.000	0.000	0.000	0.000	0.000	0.000	0.000		1204.07046	522.06298	39.32821	-0.32683	-0.08415	-179.44321	0.53471	-0.99995	-0.00973	-0.00141	0.00972	-0.99994	0.00572	-0.00147	0.00570	0.99998	
